0 1451 1991-42shp POLY_ID
1 1155         29035.8008
1 7         29329.8093
1 870         37238.6875
1 347          38150.733
2 985         9258.43998
2 622         10325.9042
2 773         11583.5099
2 1219          12538.279
3 221         13138.3686
3 1434         19899.2095
3 728          21163.114
3 1319         26492.8516
4 595         21697.2796
4 683         30167.6885
4 1127         30734.8372
4 1258         36086.0819
5 1412         11293.8673
5 1317         19099.6427
5 1355         20769.0298
5 709         21085.1024
6 137         11811.7461
6 322         21240.1361
6 140         21431.1949
6 1257         22242.5622
7 347         22381.1857
7 1         29329.8093
7 1447          35928.173
7 1155         36244.5634
8 217         5249.05339
8 688         6368.92953
8 1000         8063.12705
8 259          10075.281
9 974         13693.9861
9 220         14559.4949
9 1129         17490.1945
9 1050         17628.7785
10 1233         8167.43614
10 889         8889.77142
10 779         13671.8548
10 1391         14779.9094
11 247         12868.9755
11 1034         15316.8085
11 72         17733.5947
11 642         19186.5733
12 230         28630.0377
12 388         40712.0461
12 345         50166.6747
12 490         52914.7112
13 1082         5372.24661
13 795         8494.26413
13 601         12082.6543
13 1363         12553.4464
14 1013         13741.8828
14 467         13874.5008
14 1243         13889.5888
14 1134         17027.3217
15 779         8329.02565
15 704         8710.14978
15 642         8722.82656
15 337         10688.0135
16 657         8275.35652
16 1179          12705.689
16 709         16060.1123
16 211         19186.4444
17 1393          14049.318
17 691         15948.2938
17 257         17298.5517
17 596          18592.762
18 193         21786.1128
18 1124         27932.1575
18 617         29307.8142
18 706         32109.3315
19 421         54450.4916
19 932         83245.9236
19 1295         88348.8723
19 1343         95164.2992
20 444         16145.2369
20 399         23699.0786
20 1138         32569.1776
20 1319         35486.8982
21 906          24085.477
21 240         28210.3409
21 1293          31126.645
21 169         33812.4618
22 429         35823.6737
22 909         47451.8776
22 241         51478.9675
22 404          54326.543
23 1332         22087.5124
23 1370         24412.4924
23 250         26241.4368
23 285         31636.9875
24 595         29663.4285
24 187         35751.3556
24 4         37476.3311
24 565         40309.9673
25 837         15957.4585
25 396         22620.0934
25 855         30588.1347
25 208         35936.8439
26 692         14280.7501
26 204          17616.222
26 1050         19876.7677
26 129         20868.8751
27 1438         16220.2046
27 956         16452.2992
27 1100         19565.1888
27 315         22730.5465
28 568         33076.2236
28 1380          46814.801
28 855         55615.8792
28 1246         59560.2223
29 1197         72660.6849
29 801         74861.2288
29 597         89144.7919
29 325         93142.7194
30 76         27814.1698
30 404         47381.4629
30 385         49372.4782
30 888         56392.8411
31 1365           30723.85
31 239         33436.4271
31 1189         41290.5419
31 679         50282.7408
32 501         46138.1728
32 473         49092.1798
32 1225         53852.3707
32 1283          62587.494
33 751         39379.0886
33 1349         51156.0685
33 1352         58839.8686
33 1340         61394.9868
34 287         31277.5971
34 181         33911.0149
34 908         39566.1014
34 626         43254.7681
35 156         24232.4827
35 958         39455.4117
35 1226         49246.0961
35 620         72683.7712
36 1074         22407.8527
36 485         22744.6528
36 1010         30229.3468
36 1066         35269.4484
37 836         14093.4883
37 1256         17704.8988
37 334         20999.6131
37 186         21691.8997
38 1096         18683.1411
38 428         26443.8175
38 862         31090.3411
38 645         32842.3486
39 1169         35920.0494
39 89         38560.7773
39 690         42252.4503
39 955         55867.0707
40 146         11138.9982
40 1233         14043.1666
40 10         16079.5755
40 213         16196.0971
41 623         27853.5076
41 565         30973.6593
41 576          32307.286
41 965         33065.5583
42 521         9585.82949
42 1033         13666.8623
42 98         14824.7895
42 695         15231.6914
43 1376         11320.1707
43 1082         11664.2722
43 13         16874.0102
43 601         18903.9131
44 725          11746.245
44 432         16160.4483
44 259         17740.2215
44 833         20275.6147
45 753         23818.4563
45 1328         31290.8145
45 883         32134.1403
45 1079          36093.141
46 121         22176.5322
46 252         29670.2104
46 1338         31359.5735
46 718         32367.0805
47 861         10463.8055
47 180         12804.2699
47 135         18042.7376
47 179         18452.4234
48 643         11535.9404
48 954         16128.9752
48 781          16445.988
48 1305         17503.5636
49 901          13109.408
49 338         18397.8937
49 1409         20826.0906
49 1421         26352.7868
50 872         21763.0293
50 277         26815.5444
50 513         27888.6977
50 1397         28096.2114
51 1153         26647.5649
51 701         31723.8489
51 231         36229.5095
51 1345         48314.7459
52 454         17216.1507
52 552         17504.2487
52 744         20424.7843
52 787         26417.0119
53 91         24247.4694
53 631         24858.0972
53 1386         33666.0253
53 1400         34112.8144
54 1199         11726.7281
54 1053         18582.7973
54 1360         18788.9997
54 195          18869.659
55 151         15180.4807
55 68         17248.9926
55 1321         19590.6824
55 130         21627.1827
56 1344         17110.5098
56 765         18481.3252
56 237         20175.0071
56 1086           22637.75
57 513         54186.7178
57 911         60342.8902
57 872         66351.3251
57 203         67372.4521
58 73         54299.6186
58 1299         65059.7471
58 175         66217.2868
58 1140         71479.2588
59 1102         12665.2596
59 797         13742.2422
59 110         14618.8575
59 466         15880.8153
60 1213         53233.0022
60 788         90203.7601
60 904          112965.52
60 1291         116430.656
61 561         13631.2228
61 114         16139.0482
61 926         18469.2393
61 805         21628.7084
62 925         10894.7778
62 1084         11621.0143
62 489         14053.3512
62 927         19055.5109
63 75         22807.1125
63 631         23599.6382
63 426         26192.0157
63 1400         30625.5475
64 467         14396.7971
64 393         16068.0313
64 1187         18298.6857
64 891         20764.6905
65 827         6797.85788
65 1288         10136.8422
65 115         13778.2504
65 658         15740.2418
66 538         7027.04487
66 463         9777.66448
66 832         13266.2014
66 880         13329.5744
67 798         25878.3004
67 468         27236.7492
67 133         32667.1112
67 1433         34848.4988
68 55         17248.9926
68 341         18581.6797
68 417         22327.3192
68 188         22853.4064
69 333         26017.4593
69 355         31222.2311
69 1266          41425.017
69 659         43167.7895
70 726         26146.8871
70 278         28288.0667
70 1124         35071.2532
70 1436         42497.8536
71 601         12965.9138
71 1210         16151.5865
71 43         19012.8896
71 1135         19794.8446
72 509          14411.169
72 1064         15649.4212
72 531         17226.6079
72 11         17733.5947
73 1313         30034.6527
73 175         40977.0856
73 343         43205.8984
73 734         49860.0688
74 1268         14326.7109
74 458         17680.1206
74 1336          23276.857
74 996         25800.8068
75 426         16097.5016
75 63         22807.1125
75 1379         31986.5675
75 194         33282.8246
76 385         24077.0552
76 30         27814.1698
76 326         41128.9558
76 313         47957.6456
77 1260         19430.6185
77 849         25078.9871
77 820         26783.0743
77 519           32359.06
78 586         41437.1284
78 126         47992.4873
78 975         49494.4026
78 1133         65744.3455
79 1122         28090.0146
79 83         28479.8921
79 792         37420.4325
79 358         43987.7104
80 459         25119.1505
80 1193         26266.1641
80 321         27329.8442
80 267         29022.8103
81 1171          13294.129
81 887         14555.3836
81 1401         17623.9534
81 1336         17760.9958
82 609           14542.31
82 831         20813.6433
82 942         26193.2224
82 733          27135.607
83 1148         16354.4318
83 79         28479.8921
83 293         37624.9669
83 1122          39817.454
84 821         35138.1709
84 367         54589.0076
84 89          56787.681
84 464          60533.902
85 509         7375.09638
85 531         7442.58953
85 511         9437.94142
85 812         11872.7684
86 616         13091.3523
86 132         14451.6381
86 1340         20874.5629
86 1004         26619.1502
87 563         16032.0731
87 354         29578.8501
87 857         32904.1087
87 1245          39297.034
88 661         24321.3758
88 1098          28034.895
88 1406         31999.0386
88 1036         34397.4599
89 39         38560.7773
89 367         44338.0443
89 84          56787.681
89 1169         59249.2047
90 1410         12686.9336
90 1175         14340.1762
90 1202         18224.1788
90 897         20951.2513
91 330          21305.229
91 53         24247.4694
91 1023         25382.2229
91 1441         36074.8479
92 691         16637.0187
92 879         19647.6937
92 257          22488.208
92 17         27354.5079
93 1425         30552.7482
93 469         30555.8331
93 133         34759.8503
93 1448         38364.0996
94 679         24551.4512
94 288         29357.0668
94 1365         39971.3077
94 698          43382.684
95 310         20153.2232
95 1288         22317.2636
95 44         30346.2347
95 65         30674.6616
96 1322         20460.1393
96 1271         35821.5881
96 948         39444.5062
96 1087         44785.3617
97 878         14413.8309
97 560         15333.0192
97 591         16637.0827
97 547          17446.266
98 42         14824.7895
98 1445         15328.3779
98 793         17754.2024
98 1033         20916.6132
99 435          13768.986
99 625         16885.2853
99 925         17472.0439
99 412         21040.1993
100 1418          45402.919
100 392         65812.5022
100 834         72001.1135
100 558         75252.7355
101 612         10139.8989
101 1435         11965.1744
101 1241         13108.9189
101 438         14992.9394
102 978         45900.6847
102 1095         46435.9507
102 1227         58090.5632
102 480         64627.0727
103 1306         10051.8085
103 484         15076.9641
103 471         16432.1232
103 846         20780.8147
104 405         9947.26237
104 1014          10588.464
104 1120         12171.7257
104 1239         13056.1111
105 964         31144.7398
105 1177         31802.5836
105 396         33614.1023
105 893         38456.5674
106 1055         14005.6885
106 469         20890.1021
106 676          21473.923
106 335          27968.806
107 941          55246.473
107 1290          63656.775
107 1427          65838.067
107 261          68114.455
108 903         46579.8952
108 693         57873.7994
108 546         67724.5927
108 917         91695.8133
109 935         19420.0935
109 475         19775.1885
109 628         23181.4011
109 1248         25942.6148
110 466         5932.94348
110 225         6918.05006
110 900         10291.0487
110 754         12195.4652
111 1167         36427.5926
111 492         46150.7354
111 1126         46194.6965
111 486         46478.5287
112 989         18078.3495
112 728         19525.8797
112 1316         25369.9491
112 589         27874.4117
113 435         13502.4395
113 1021         15463.0798
113 424         15475.3043
113 591         17805.7897
114 61         16139.0482
114 561         16842.0833
114 376         24388.6091
114 1286         27757.4068
115 360         9342.57252
115 999         9399.65756
115 658          9666.6894
115 827          9772.4541
116 598         17017.2651
116 991         20000.6182
116 578         22199.9706
116 1015         25173.9081
117 756          7828.2668
117 500         10114.5103
117 629         12516.4169
117 838          15338.241
118 57         69022.4486
118 790         69224.1564
118 402          69491.829
118 1299         94263.9629
119 1195         10726.2414
119 550          12574.686
119 1076         21482.1537
119 630         24833.5036
120 1351         20466.1387
120 369         23409.6624
120 670         23522.5926
120 1411         24227.6059
121 188         17787.7976
121 1211         20219.3902
121 46         22176.5322
121 718         23995.9319
122 696         10256.0779
122 804         11764.8701
122 715         18697.2652
122 260         18742.3364
123 1090         16275.4607
123 1327          16725.598
123 1334         20704.4303
123 1007         22898.9917
124 416          24151.019
124 717         24849.8595
124 457         34532.0809
124 1203         44239.2037
125 432         11719.2109
125 368         11752.0871
125 850         12941.6215
125 1141         15150.8809
126 586          35045.932
126 78         47992.4873
126 1052         52044.6653
126 1292         65836.8372
127 533         13749.2706
127 1161         15382.2576
127 1263          15698.522
127 952         17891.8889
128 1275          15333.402
128 180         17024.2287
128 135         17299.6285
128 988         19126.8618
129 707         14415.9435
129 1160         17787.7014
129 1267         19213.9185
129 1050         20158.9658
130 689         10695.7577
130 341         20133.0792
130 55         21627.1827
130 954          22094.178
131 1125         16352.3171
131 1091          16742.331
131 256         17608.8411
131 811         17687.3729
132 1004         13131.1005
132 86         14451.6381
132 616         19582.3287
132 1340         30517.2216
133 1448         16273.5011
133 1206         24458.3771
133 1425         28507.0787
133 468         29101.3097
134 989          13128.393
134 274         19325.8628
134 1176         22678.4424
134 544         23810.4268
135 179         9276.06397
135 207          13526.135
135 128         17299.6285
135 47         18042.7376
136 227         16779.2246
136 1087         19295.0404
136 1287         35223.5309
136 948         45670.6951
137 6         11811.7461
137 186         17284.6888
137 140         22795.3294
137 334         22873.9952
138 437         10038.9628
138 1443         18185.4003
138 636          18999.723
138 1025         21258.5256
139 356         12455.6619
139 1109         16527.0929
139 418         33595.5404
139 877         36571.9769
140 856         20307.5661
140 6         21431.1949
140 1062         22528.8745
140 137         22795.3294
141 865         18673.2418
141 326         22541.7875
141 423          37107.963
141 724         40685.3249
142 1300         18573.8896
142 254         28885.7495
142 336         31550.9661
142 1212         35144.3328
143 829         11743.9129
143 852         12878.4724
143 381         17086.8395
143 1021          20607.471
144 1083         29515.6887
144 1345         32029.7615
144 352         37641.7604
144 576          38479.414
145 395         16811.8784
145 1238         18595.7022
145 335         19204.4399
145 984         21774.5571
146 40         11138.9982
146 1233         21535.8098
146 213         22505.9003
146 668         24197.9043
147 433         23192.6135
147 877         33533.2437
147 1415         42655.1174
147 652          47937.487
148 1202         19103.1019
148 386         20555.3882
148 1175          20691.224
148 1194         23511.9838
149 1405          10945.994
149 847         13165.2138
149 499         16283.3146
149 1429         20989.6439
150 1188         11496.2194
150 1111         14712.3597
150 632         23535.2392
150 253         26792.6638
151 1321         7365.40756
151 1071         14186.3503
151 55         15180.4807
151 310         15441.5907
152 570         18792.5457
152 1114          19659.537
152 537         20148.3733
152 665         24028.8619
153 802         11709.1709
153 630         17072.5857
153 1450         18631.8467
153 550         19535.1409
154 738         26756.5302
154 717         27083.1366
154 1164         28123.4767
154 1018         28576.0564
155 981         23894.1903
155 599          31775.624
155 390         32401.5142
155 938         37065.3331
156 35         24232.4827
156 1226         27668.6146
156 958         36695.8134
156 620          54671.654
157 748         12425.7935
157 1120         14028.9505
157 1438         14790.1214
157 177         14944.1974
158 913         15108.1225
158 426          22377.468
158 776         22812.4699
158 1180           23075.44
159 1123         32568.1941
159 444         36951.5195
159 308         49779.8615
159 20         52212.3939
160 1339         48820.8157
160 1447          51133.111
160 384         52637.6821
160 269         54976.4972
161 447         17275.1787
161 1026         20344.0726
161 936         21334.8967
161 184         23880.0957
162 532         2107.54736
162 1335         20166.6215
162 528         37457.1367
162 651         38157.1134
163 485         20990.2699
163 1023         21615.5644
163 631         30147.5438
163 1066         31268.5259
164 1234         6148.75663
164 685         8989.00129
164 637         11147.3808
164 562         13360.6422
165 1039         16207.0511
165 931         17895.7162
165 835         23399.5742
165 840         24336.7325
166 1443         14355.6064
166 1277         15790.4243
166 1269         19906.1019
166 782         21610.4595
167 674         7898.09266
167 748         13821.7086
167 881         13979.4152
167 1094         15986.2819
168 240         10911.5877
168 1293         27452.9204
168 1354         31865.0968
168 21         38118.3496
169 697         27392.6083
169 874          28267.422
169 534         28911.7419
169 906         30214.3026
170 945          31884.974
170 656         38056.8462
170 669          41006.304
170 332         44306.8524
171 848         57664.0524
171 1046         117652.674
171 1027         120569.547
171 1388         121557.754
172 598         32150.2689
172 308         36134.2845
172 1015         39342.0166
172 116         48938.1657
173 1024         20761.3059
173 434         30795.3831
173 672          32716.395
173 178         39587.7774
174 985         14121.1725
174 1350         19647.1862
174 1217         21217.8602
174 2         22524.8896
175 73         40977.0856
175 343          42811.388
175 1329         43283.2241
175 1313         54947.5649
176 1240         31129.2426
176 1128         41464.1207
176 269         47652.3498
176 1152          55382.119
177 1120         12721.4272
177 157         14944.1974
177 1094         15217.8622
177 104          15455.081
178 1337         28412.7439
178 986         30825.9845
178 378         33208.3074
178 672         37397.1774
179 135         9276.06397
179 808         10724.3994
179 207         15746.7018
179 340           17644.71
180 47         12804.2699
180 861         14618.9812
180 128         17024.2287
180 988         20957.6834
181 287         21177.5673
181 193         29588.1221
181 764         30837.3263
181 34         33911.0149
182 234         9886.86421
182 541         11923.7556
182 1294         15068.1413
182 372         19187.0588
183 909         38932.3955
183 590         42922.5808
183 273         49584.3636
183 1191         50903.9032
184 769          16590.923
184 1363         21547.6591
184 1026         21707.8698
184 43         22337.2628
185 1446         11689.5731
185 1366         13869.9857
185 1386         15122.6601
185 1400         21689.7748
186 1312          15806.582
186 137         17284.6888
186 37         21691.8997
186 743         22631.0611
187 1258         27761.3455
187 549         31109.0694
187 24         35751.3556
187 565         38218.5131
188 121         17787.7976
188 68         22853.4064
188 1211         23611.1487
188 1382         26826.0943
189 1348         18132.5793
189 1233         21295.9295
189 1059         25576.8456
189 668          25855.091
190 199         25370.4259
190 229         27924.8411
190 1080         53292.4292
190 320         63498.4015
191 1355         17491.6864
191 1007         18078.9309
191 1327         28803.1877
191 364         29574.4692
192 519         20882.8472
192 820         27873.8694
192 998         29613.0044
192 589          32057.611
193 18         21786.1128
193 706         26194.7071
193 1032         28688.4042
193 181         29588.1221
194 336         15761.0446
194 768         26400.7902
194 1300          26558.884
194 426         30695.4452
195 1199         8499.58291
195 1414         15318.4007
195 54          18869.659
195 17         19359.1716
196 1025         9367.72386
196 315         13385.2868
196 437          16115.082
196 1019         19213.4064
197 1388         37867.2974
197 1186         40484.6092
197 1167         60143.5278
197 111         62868.4838
198 1276         12993.7732
198 1272         15222.5658
198 668         15998.1994
198 510         21500.1904
199 190         25370.4259
199 1080         27953.4451
199 229         52338.4082
199 923         53339.8089
200 319         18353.6606
200 258          18739.472
200 131         20409.5076
200 465         27146.8794
201 720          18972.167
201 799         27458.2946
201 291         35915.7697
201 694         41357.1824
202 8         11200.3758
202 217         14765.1295
202 725         16173.5945
202 1000          16420.144
203 680         36178.3618
203 911         58781.7991
203 419         65925.0516
203 445         67245.0384
204 692         7516.38892
204 825         12889.2042
204 26          17616.222
204 1267         24669.9391
205 483         7017.39529
205 886         13883.9449
205 1119         15384.6607
205 397         17708.5463
206 500         14599.2951
206 517           19451.11
206 117          23500.135
206 1040          26007.186
207 400         11127.9841
207 1102         11885.6575
207 135          13526.135
207 179         15746.7018
208 837         35243.5949
208 25         35936.8439
208 396         36454.0986
208 1246         46800.4776
209 1019         13152.4851
209 593         17499.4895
209 969         19710.6342
209 1028         22173.7729
210 1203         16596.3995
210 523         20652.4112
210 416         26136.1446
210 1198          29170.616
211 1099         12379.0017
211 311          12895.914
211 1179         15101.8557
211 1104           15571.32
212 1361         10042.9787
212 1135         16410.9202
212 1035         17025.5881
212 361         17801.3376
213 912         13867.7054
213 1224         14707.1649
213 40         16196.0971
213 1391          17814.423
214 1265         37544.3549
214 844         41804.0139
214 251         44191.5448
214 1359         48515.6487
215 328         20278.2953
215 1369         30362.6856
215 1383         34078.8436
215 857         37072.8332
216 1166         31160.4589
216 1045         63712.2276
216 626         63945.8164
216 860         64533.6208
217 259         4837.40605
217 8         5249.05339
217 688         8370.35795
217 1000         11638.5438
218 1056         11299.7807
218 639         13094.5592
218 817          17035.004
218 1381          23703.191
219 791         18634.0534
219 233          21137.382
219 1428         22154.2998
219 1341         22974.4155
220 521         14054.7027
220 9         14559.4949
220 42         17909.4369
220 695         18754.6786
221 3         13138.3686
221 1319         13436.5366
221 399         26769.3077
221 846         27702.5628
222 838         10196.2765
222 773         10880.4519
222 1156         11264.1632
222 2         15311.1788
223 775         18151.6701
223 422           23331.69
223 491           25795.21
223 283         30492.7122
224 1401         12432.5914
224 1441         20793.9318
224 507         20950.8943
224 1394         21780.8467
225 110         6918.05006
225 754          8043.3888
225 466         12290.4233
225 900          13711.176
226 253         15773.2286
226 580         17526.4762
226 382         17634.3849
226 255         18995.9868
227 136         16779.2246
227 1287         22471.8959
227 1087         25902.1393
227 1107         30016.5181
228 1065          10643.497
228 1263         13544.0842
228 952         13671.1788
228 258         16888.0516
229 190         27924.8411
229 734         50484.9511
229 1192         52295.8972
229 199         52338.4082
230 12         28630.0377
230 548         29289.6277
230 345         38981.0106
230 816         42043.3439
231 51         36229.5095
231 536         44533.4733
231 242         48570.8099
231 1153         55376.4135
232 474         26949.8291
232 983         35913.3486
232 607         40323.2341
232 1078         43365.2437
233 791         20420.8671
233 219          21137.382
233 842          23585.175
233 504         28362.9177
234 182         9886.86421
234 372         12878.7175
234 541         16211.7708
234 449         17951.6818
235 1315         9944.06575
235 438          17042.031
235 1248         17544.3225
235 902         20019.8699
236 831         11420.7835
236 331         17440.0038
236 749         23934.6104
236 609         27688.1701
237 890         13132.9495
237 1344         13244.5607
237 577         18581.7185
237 56         20175.0071
238 516         17483.3079
238 254         18901.5372
238 297         20666.8347
238 1395         27947.6801
239 461         25660.1372
239 1270         30853.3444
239 31         33436.4271
239 1365         45598.0598
240 168         10911.5877
240 1354         23949.1053
240 1293         26753.7392
240 21         28210.3409
241 429         34474.7327
241 567         39250.4014
241 947         41552.1128
241 22         51478.9675
242 536         36570.1319
242 983         42102.4709
242 231         48570.8099
242 1368         52136.6061
243 520         14317.4409
243 1172         17303.3083
243 587         31308.2233
243 1164         38804.2064
244 1280         37471.6748
244 1088         39801.3655
244 1395         42932.3401
244 936         46010.1964
245 378           26157.73
245 1245         35681.6033
245 1392          39712.502
245 1337         44973.4276
246 708          12053.031
246 1296         13346.5227
246 832         17881.1943
246 712         18471.1058
247 642         6754.14833
247 704         11338.9293
247 11         12868.9755
247 15         15284.7786
248 1188         18081.7544
248 1111         21260.4704
248 580         23304.1176
248 436         24995.7095
249 1256         19115.1325
249 836         20805.3654
249 37         22861.2015
249 430         29009.8332
250 1216         19680.0226
250 1332         22388.8092
250 23         26241.4368
250 621         27474.3745
251 864         40810.4257
251 214         44191.5448
251 1265         46738.0993
251 826         55560.3495
252 442         26321.3125
252 46         29670.2104
252 430         30620.7663
252 753         34512.9954
253 1351         15162.1486
253 226         15773.2286
253 382         21674.5272
253 1188         25061.8309
254 1300         16154.2552
254 238         18901.5372
254 336         19186.6888
254 516         19302.1747
255 814         12424.9707
255 1118         13860.6865
255 580         16883.9243
255 226         18995.9868
256 1125         11803.4889
256 1091         16021.5178
256 465         16592.1531
256 131         17608.8411
257 1393          8898.1486
257 1272         9683.29111
257 879         10625.3557
257 17         17298.5517
258 1065          9452.5671
258 228         16888.0516
258 319         17033.7508
258 200          18739.472
259 217         4837.40605
259 8          10075.281
259 688         11832.6554
259 833         11906.0262
260 696         9858.37118
260 1077          11276.841
260 283         15951.0506
260 478         18502.2697
261 941         49694.2435
261 421         65614.1203
261 350         68032.4925
261 107          68114.455
262 320         44382.9701
262 923         50898.6046
262 172         54298.6316
262 1165         56508.8851
263 788         62333.1207
263 917         66250.2268
263 903         110944.868
263 387         123637.005
264 648         39472.5166
264 564         40564.5914
264 270         42540.4195
264 1437         42636.9917
265 1070         13861.8752
265 408         18654.8308
265 1149         19628.4603
265 1183          22184.545
266 780         35227.8169
266 508         43599.0208
266 530         47438.0644
266 1232         51173.7431
267 459         27228.1091
267 735         27637.0061
267 80         29022.8103
267 1377         32886.0256
268 1092         16196.0491
268 1096         24342.9634
268 1228         31709.6365
268 613         33377.9498
269 1209         34723.3302
269 1356         46157.9012
269 176         47652.3498
269 160         54976.4972
270 564         28659.8984
270 620         31497.1072
270 605          41032.217
270 264         42540.4195
271 542         13277.4114
271 785          27097.641
271 1362         27417.3539
271 1250         36486.0432
272 980         28707.6805
272 621         29977.8718
272 250         30596.5448
272 684         31976.0618
273 938         25463.3306
273 390          43557.917
273 599         44191.1392
273 183         49584.3636
274 1298         17059.3215
274 547         19091.7363
274 134         19325.8628
274 317         21036.8773
275 767         15284.7402
275 829         16589.4396
275 560         17179.2949
275 591         18833.1819
276 1409          27707.016
276 307         36866.1378
276 1132         41288.0581
276 49         45105.9216
277 635         14698.8526
277 50         26815.5444
277 1372         28577.7377
277 574         29315.4715
278 70         28288.0667
278 726         29808.5992
278 1072         31497.7816
278 357         35413.9881
279 1357         8117.49416
279 756         8756.88458
279 1085         10108.6908
279 1330         14005.6643
280 738         14295.5181
280 592          22176.908
280 968         23361.5594
280 1018         28008.0462
281 545          9216.4446
281 405          11004.708
281 666          12464.315
281 899         16523.3929
282 894         28058.5135
282 109         38264.0455
282 654         39927.9001
282 935         40087.0303
283 775         12571.1599
283 260         15951.0506
283 1381         17572.4049
283 1077          18955.735
284 840         20835.7423
284 646         26726.0891
284 931         30673.8968
284 357         32021.2466
285 300         12803.3732
285 1332         18173.3297
285 1089         28914.3945
285 23         31636.9875
286 1113         11638.5482
286 914         12489.8192
286 477         14761.8847
286 1121         16282.8418
287 764         18257.2459
287 181         21177.5673
287 34         31277.5971
287 799         31753.7564
288 1143         25165.2473
288 318         29142.3947
288 94         29357.0668
288 314         37038.5215
289 694         21212.0572
289 291         21982.5767
289 720          30534.858
289 799         31348.2929
290 638         45787.2049
290 1158         56247.7945
290 736         56569.2929
290 508         78983.2131
291 1279          13588.827
291 720         17028.0256
291 289         21982.5767
291 201         35915.7697
292 535         13679.4623
292 1105         13680.8288
292 1247          16307.802
292 1214         17361.1861
293 1289         25218.2543
293 1148         26507.9633
293 1250         35544.9774
293 83         37624.9669
294 898         29131.3939
294 494         45059.9557
294 479         51231.9202
294 296         58775.4522
295 503         34056.3452
295 308         37917.4943
295 1138         40700.5012
295 391         42929.4492
296 588         39361.9307
296 564         46152.0184
296 898         56751.9796
296 620         57172.4526
297 238         20666.8347
297 516         22297.0984
297 1088         22808.8482
297 840         27793.4507
298 1327         23662.1434
298 524         26687.1377
298 990         28728.0506
298 191         30659.2596
299 1421         13048.9205
299 1106         15266.8501
299 640         22361.8185
299 901         26438.1834
300 285         12803.3732
300 1089         16305.1854
300 1332         30975.7278
300 1399         31050.9363
301 1279         43855.0561
301 1162         44927.1049
301 291         57056.9307
301 452          65615.039
302 539          9735.7738
302 765         12990.8157
302 664         13869.8358
302 337          16180.143
303 800         15455.0456
303 306         22891.9546
303 526         24850.1307
303 793         25152.4299
304 992         18973.9848
304 742          19190.673
304 584         33896.2763
304 1079         39276.9083
305 646         22305.4017
305 726          37392.193
305 654          41799.795
305 1436         45071.3486
306 873         14696.5265
306 800         15011.2277
306 303         22891.9546
306 526         23274.3418
307 818         20049.7206
307 647         20968.1264
307 1285         35017.0702
307 1303         35730.3706
308 1015         35515.3924
308 172         36134.2845
308 295         37917.4943
308 391         46534.2463
309 1059         12538.9944
309 1042         12545.5166
309 1129         14627.6037
309 695         16924.6835
310 151         15441.5907
310 95         20153.2232
310 1321         20766.9448
310 993         23883.1812
311 819          7428.5491
311 1099         9457.23499
311 527         10762.4629
311 211          12895.914
312 850         9856.70692
312 1068         11943.1497
312 125         16332.5527
312 1275         17244.8582
313 385           24597.33
313 614         29126.6579
313 924         40330.9311
313 326         44447.0035
314 942         26376.8217
314 1417         31238.9598
314 362         32539.6173
314 288         37038.5215
315 196         13385.2868
315 1019         19339.7823
315 1100         21178.6302
315 1025         21880.0652
316 476          23460.901
316 694         28353.0402
316 289         34421.8336
316 706         39241.8884
317 863         10976.6322
317 789          13474.098
317 1298          15286.591
317 878         15928.8423
318 942         19074.6402
318 288         29142.3947
318 1235         35348.1031
318 314         37121.1305
319 677         14693.6167
319 258         17033.7508
319 1396         18023.3113
319 200         18353.6606
320 493          33941.952
320 262         44382.9701
320 199         54018.9544
320 923         54326.5928
321 1315         16177.5389
321 235         21852.6789
321 438         21898.4629
321 752         24137.4824
322 1318         17221.4825
322 6         21240.1361
322 1062          21452.643
322 746         22737.3586
323 372         12072.5035
323 581         21734.1017
323 234         24003.6239
323 1377         24334.7804
324 1175          15229.048
324 90         21692.2799
324 1202         25999.7819
324 148         29166.6895
325 1197         46388.5473
325 763          46668.065
325 346         54266.1586
325 1320         70667.9344
326 141         22541.7875
326 865         34854.8904
326 385         39605.5095
326 76         41128.9558
327 758         26769.0487
327 1303         29762.2212
327 584         33704.1458
327 506         35389.6451
328 215         20278.2953
328 1383          31475.392
328 1150         37086.4928
328 1369         41429.9789
329 352         49856.5151
329 472         50694.5155
329 771         51462.8907
329 604         57710.8349
330 1441         15490.7416
330 91          21305.229
330 1023         25167.2408
330 1394          35181.233
331 810         14088.9326
331 236         17440.0038
331 428         18435.0568
331 749         22081.3134
332 945         16276.0126
332 876         16726.3998
332 1198         24483.1008
332 1426         34080.6942
333 69         26017.4593
333 702         26430.1905
333 1266          37941.605
333 498         44941.2161
334 37         20999.6131
334 137         22873.9952
334 552          23327.738
334 836         24326.1598
335 395         10536.8521
335 676         12758.9205
335 145         19204.4399
335 106          27968.806
336 1300         13186.6354
336 194         15761.0446
336 254         19186.6888
336 238         29959.4798
337 15         10688.0135
337 779         11139.7553
337 704         12739.6273
337 302          16180.143
338 633         10374.1946
338 901         17237.4037
338 49         18397.8937
338 640         19175.9443
339 971         11092.0535
339 999         12745.2574
339 535         15133.7807
339 360         16093.6773
340 743         12174.3044
340 808         13198.5151
340 1257         15634.6648
340 179           17644.71
341 68         18581.6797
341 417         19980.8612
341 130         20133.0792
341 954         21329.0101
342 1442         16209.4307
342 1118         16488.7357
342 380         19315.8729
342 926         19324.8899
343 1313         27515.8401
343 699         33820.1211
343 684         34877.8788
343 175          42811.388
344 436         10600.8106
344 705         22018.3138
344 1284         22690.6229
344 1115         24509.4538
345 816         12924.1729
345 490         29378.0542
345 230         38981.0106
345 1205         47333.6194
346 567         33419.3733
346 1197         44866.7857
346 597         47063.7934
346 325         54266.1586
347 7         22381.1857
347 1155         25011.4576
347 1          38150.733
347 866         44537.0178
348 858         21543.2737
348 411         21874.5966
348 1316         22420.2351
348 589         30725.1866
349 1330         12010.8116
349 555         16607.1201
349 1406          19100.828
349 1357         22270.4278
350 1343         63804.0022
350 261         68032.4925
350 766         76033.8461
350 1061         108579.601
351 932         32842.0262
351 1208          67647.225
351 366         78542.3596
351 1343         82595.5222
352 144         37641.7604
352 576         39148.0546
352 472         43606.1049
352 41         47298.7447
353 1055         30006.7605
353 469         33551.2436
353 1369         38715.6504
353 388         42139.5433
354 87         29578.8501
354 1358         32483.6044
354 563         34136.7583
354 1205         37715.9328
355 69         31222.2311
355 1270         39311.5875
355 406         48414.0101
355 239         49186.5733
356 139         12455.6619
356 1109         26526.5605
356 893         30864.2665
356 418         35679.5939
357 931           11103.89
357 165         28902.7148
357 1072          31669.987
357 284         32021.2466
358 1122         23638.7301
358 792         28754.1541
358 79         43987.7104
